[ 0.71482092  0.71482092  0.88836539  0.56954783  0.42240039  0.56954783
  0.42240039  0.56954998  0.56954634  0.88836503  0.56954765  0.71481907
  0.42240039  0.56954765  0.71481919  0.94545138  0.56953734  0.42240182
  0.56954998  0.42240182  0.71481919  0.94545126  0.95727497  0.56954974
  0.71481997  0.56954783  0.56954783  0.94545138  0.56954765  0.56954765
  0.56954783  0.714818    0.42240161  0.56954056  0.56954783  0.71482092
  0.56954765  0.328082    0.42240161  0.56954765  0.42240182  0.56954765
  0.23516494  0.42240039  0.88836539  0.71482539  0.42240039  0.42240182
  0.71481824  0.56954783  0.23516636  0.88836539  0.42240161  0.56954765
  0.9454515   0.56955063  0.56954634  0.42240182  0.56954783  0.56954765
  0.56953818  0.9250226   0.56955212  0.56954783  0.42239469  0.42239329
  0.56954652  0.714818    0.56954652  0.42240161  0.42240277  0.56954783
  0.23516494  0.3087365   0.88836503  0.42240039  0.94545138  0.88836557
  0.56954783  0.42239574  0.5695439   0.56954783  0.30873755  0.42240182
  0.94545114  0.30873743  0.42240182  0.56954783  0.30873519  0.56954765
  0.71482003  0.88836539  0.71482003  0.42239848  0.42240161  0.42240182
  0.23516555  0.19107717  0.19107717  0.19107717  0.19107744  0.19107738
  0.3087402   0.19107717  0.23516504  0.19107744  0.19107674  0.19107674
  0.19107717  0.19107711  0.19107744  0.23516555  0.19107711  0.19107711
  0.19107717  0.19107674  0.19107711  0.19107674  0.23516642  0.23516642
  0.19107717  0.19107711  0.19107711  0.23516642  0.19107717  0.1910774
  0.19107717  0.23516731  0.23516494  0.30873668  0.30873626  0.30873722
  0.30873755  0.23516552  0.23516642  0.23516604  0.42239329  0.23516555
  0.42239434  0.19107792  0.23516494  0.42239469  0.30873626  0.30873626
  0.30873671  0.23516555  0.30873671  0.30873626  0.42239499  0.3087354
  0.23516642  0.23516494  0.23516555  0.23516642  0.23516494  0.30873755
  0.23516749  0.23516494  0.23516504  0.30873755  0.30873755  0.30873954
  0.23516573  0.4223946   0.30873755  0.30873805  0.19107717  0.23516555
  0.30873755  0.23516555  0.23516555  0.4223946   0.23516552  0.19107711
  0.23516555  0.30873722  0.23516673  0.19107711  0.30873519  0.23516555
  0.19107711  0.30873722  0.30873626  0.23516555  0.23516642  0.42239618
  0.23516555  0.23516642  0.30873823  0.23516642  0.30873612  0.23516494
  0.30873755  0.30873755  0.30873626  0.23516789  0.30873722  0.30873722
  0.23516555  0.37189525  0.30873755  0.42239469  0.42239264  0.23516834
  0.42239732  0.30873743  0.3087365   0.23516555  0.23516552  0.30873755
  0.30873755  0.23516552  0.23516552  0.42239469  0.23516555  0.30873829
  0.23516555  0.42240182  0.30873755  0.23516552  0.30873612  0.42239264
  0.30873755  0.30873743  0.23516555  0.30873707  0.71481919  0.23516642
  0.56953734  0.42239392  0.23516552  0.42240182  0.26745692  0.23516494
  0.23516552  0.23516521  0.30873668  0.23516494  0.30873671  0.30873823
  0.42239469  0.23516642  0.30873722  0.30873808  0.4224042   0.56954765
  0.23516636  0.42240182  0.23516552  0.30873755  0.42239574  0.30873626
  0.30873626  0.30873755  0.9454515   0.3087365   0.30873743  0.30873755
  0.56955171  0.23516642  0.71482199  0.30873626  0.42239329  0.56954783
  0.23516494  0.42240182  0.30873612  0.4223946   0.30873755  0.30873755
  0.30873755  0.42239654  0.19107711  0.42240182  0.30873755  0.30873755
  0.23516631  0.9454515   0.42239505  0.1910776   0.56954163  0.19107789
  0.88836521  0.30873671  0.23516552  0.71482003  0.30873787  0.71482092
  0.19107682  0.42239583  0.30873626  0.56954229  0.2351661   0.88836503
  0.90940017  0.30873626  0.19107668  0.42239502  0.71481919  0.94545138
  0.42239848  0.88836515  0.42240411  0.96446824  0.92502439  0.71482092
  0.42239299  0.23516552  0.56954581  0.71482116  0.56954879  0.71482044
  0.56954896  0.88836569  0.5695492   0.5695492   0.19107702  0.42240286
  0.71482128  0.30873594  0.30873689  0.88836539  0.4223946   0.96446812
  0.19107674  0.30873787  0.88836241  0.56954068  0.88836551  0.23516645
  0.23516612  0.9454515   0.71482027  0.56955016  0.30873594  0.94545156
  0.42240128  0.88836539  0.9454515   0.5695492   0.30874336  0.42239186
  0.95727497  0.23516673  0.4224008   0.30873626  0.30874288  0.71481884
  0.5695473   0.2351657   0.23516552  0.56954741  0.71481836  0.5695473
  0.71482009  0.71481824  0.56954634  0.714818    0.56954896  0.42239997
  0.30873823  0.30873707  0.23516624  0.71482265  0.56954765  0.3087382
  0.56954765  0.71481949  0.30873886  0.56955063  0.30873922  0.56955171
  0.56954801  0.23516731  0.9454515   0.9454515   0.23516864  0.21517059
  0.54035795  0.57108748  0.22804143  0.3096627   0.65397727  0.73263812
  0.19107717  0.57108617  0.90756494  0.4949263   0.70294136  0.21288921
  0.19107789  0.36143887  0.57108742  0.8506704   0.57108742  0.9252907
  0.88387406  0.16505301  0.36144438  0.8670662   0.29189882  0.1910775
  0.30874208  0.17663045  0.22491623  0.91932106  0.17928424  0.17663045
  0.19107717  0.91716135  0.19141443  0.94404763  0.19850871  0.4699237
  0.23236953  0.19451313  0.30874392  0.56955063  0.17102884  0.92254168
  0.55571038  0.1792846   0.19107717  0.86706704  0.36144692  0.17663041
  0.41574672  0.1801094   0.80480701  0.19107966  0.17663085  0.19851114
  0.19107702  0.21991283  0.17663017  0.56954974  0.68937802  0.60172361
  0.5403598   0.5603236   0.19702883  0.19107702  0.53882879  0.16565268
  0.18412852  0.19558068  0.49641767  0.50390017  0.35355127  0.6796689
  0.25093648  0.57108665  0.88127303  0.50240165  0.91778767  0.22751383
  0.50992036  0.27417839  0.57877117  0.62590885  0.80100852  0.37071621
  0.70294154  0.19593902  0.20893271  0.19107948  0.46558836  0.84195381
  0.56954741  0.58337212  0.4224014   0.42240325  0.22964454  0.17715056
  0.19107717  0.42240149  0.37072408  0.26172662  0.17874195  0.82859838
  0.89839375  0.94664448  0.41049141  0.44430169  0.89216477  0.42239654
  0.7819404   0.81754607  0.91652721  0.58643806  0.94101882  0.9326424
  0.33945325  0.94575518  0.18442704  0.52203918  0.1910775   0.92582297
  0.92660666  0.9222576 ]